1.000000000000000048e-04
1.047370897959449686e-04
1.096985797892383675e-04
1.148951000187309178e-04
1.203377840777589472e-04
1.260382929679727457e-04
1.320088400831417777e-04
1.382622173764655948e-04
1.448118227674533498e-04
1.516716888470922740e-04
1.588565129428052810e-04
1.663816886076128847e-04
1.742633386009649968e-04
1.825183494319043405e-04
1.911644075385702070e-04
2.002200371815584276e-04
2.097046401323232167e-04
2.196385372416545924e-04
2.300430119772917776e-04
2.409403560239524868e-04
2.523539170434766117e-04
2.643081486974104954e-04
2.768286630392065599e-04
2.899422853882876647e-04
3.036771118035457777e-04
3.180625692794118915e-04
3.331294787934673180e-04
3.489101213406771624e-04
3.654383070957255785e-04
3.827494478516312048e-04
4.008806328898464845e-04
4.198707084443908553e-04
4.397603609302718668e-04
4.605922041145105693e-04
4.824108704165368721e-04
5.052631065335679277e-04
5.291978735958440157e-04
5.542664520663104742e-04
5.805225516094897299e-04
6.080224261649421489e-04
6.368249944718586218e-04
6.669919663030119154e-04
6.985879746785244931e-04
7.316807143427194859e-04
7.663410868007456550e-04
8.026433522257172539e-04
8.406652885618322952e-04
8.804883581643459635e-04
9.221978823334323712e-04
9.658832241158701306e-04
1.011637979766206877e-03
1.059560179277615295e-03
1.109752496412071696e-03
1.162322468679852228e-03
1.217382727739660777e-03
1.275051240713012809e-03
1.335451562929898311e-03
1.398713102647237494e-03
1.464971398307285183e-03
1.534368408930011527e-03
1.607052818261638658e-03
1.683180353330956123e-03
1.762914118095946624e-03
1.846424942895543049e-03
1.933891750455229942e-03
2.025501939230665762e-03
2.121451784910629440e-03
2.221946860939522182e-03
2.327202478960407363e-03
2.437444150122219325e-03
2.552908068239516035e-03
2.673841615839946031e-03
2.800503894183629678e-03
2.933166278390042427e-03
3.072112998861756435e-03
3.217641750250735053e-03
3.370064329271926437e-03
3.529707302730648259e-03
3.696912707195024878e-03
3.872038781812552587e-03
4.055460735840826954e-03
4.247571552536896777e-03
4.448782831127581772e-03
4.659525668664678613e-03
4.880251583654427253e-03
5.111433483440164932e-03
5.353566677410721841e-03
5.607169938205453820e-03
5.872786613189478859e-03
6.150985788580495481e-03
6.442363508721367545e-03
6.747544053110689742e-03
7.067181273927488835e-03
7.401959996915636469e-03
7.752597488629456302e-03
8.119844993184008319e-03
8.504489341802669994e-03
8.907354638610434638e-03
9.329304026284681098e-03
9.771241535346487581e-03
1.023411402105452346e-02
1.071891319205127251e-02
1.122667773510812282e-02
1.175849554052155882e-02
1.231550603292825077e-02
1.289890261253307316e-02
1.350993521198025869e-02
1.414991297434575052e-02
1.482020705798856725e-02
1.552225357427046079e-02
1.625755666443793115e-02
1.702769172225897937e-02
1.783430876931907730e-02
1.867913599020781107e-02
1.956398343517061489e-02
2.049074689815845104e-02
2.146141197858402599e-02
2.247805833548724430e-02
2.354286414322414797e-02
2.465811075822601020e-02
2.582618760682674555e-02
2.704959730463131831e-02
2.833096101839321923e-02
2.967302408188867563e-02
3.107866187782009487e-02
3.255088599835054969e-02
3.409285069746810504e-02
3.570785964900458770e-02
3.739937302478793524e-02
3.917101490809256348e-02
4.102658105827187290e-02
4.297004704320836477e-02
4.500557675700495031e-02
4.713753134116717425e-02
4.937047852838997303e-02
5.170920242896753782e-02
5.415871378079464143e-02
5.672426068491971674e-02
5.941133984965028120e-02
6.222570836730220711e-02
6.517339604882416149e-02
6.826071834272381955e-02
7.149428986597573810e-02
7.488103857590013013e-02
7.842822061337671735e-02
8.214343584919420183e-02
8.603464416684492022e-02
9.011018251665010859e-02
9.437878277775374469e-02
9.884959046625570178e-02
1.035321843295661098e-01
1.084365968689609272e-01
1.135733358343103683e-01
1.189534067370318221e-01
1.245883364295006790e-01
1.304901978014400554e-01
1.366716356462004955e-01
1.431458937523477637e-01
1.499268432786043104e-01
1.570290124729375181e-01
1.644676177994662258e-01
1.722585965398783781e-01
1.804186409392069812e-01
1.889652339691207938e-01
1.979166867853553724e-01
2.072921779595368330e-01
2.171117945694501505e-01
2.273965752357926251e-01
2.381685551976154835e-01
2.494508135230313339e-01
2.612675225563326209e-01
2.736439997074666675e-01
2.866067616948247965e-01
3.001835813575586265e-01
3.144035471591494768e-01
3.292971255097142946e-01
3.448962260405754598e-01
3.612342699709426008e-01
3.783462617131921335e-01
3.962688638701473698e-01
4.150404757850468807e-01
4.347013158125022092e-01
4.552935074866943932e-01
4.768611697714462139e-01
4.994505115855137345e-01
5.231099308056256225e-01
5.478901179593932413e-01
5.738441648302390341e-01
6.010276782070375079e-01
6.294988990221875858e-01
6.593188271333542128e-01
6.905513520162318564e-01
7.232633896483522395e-01
7.575250258771908385e-01
7.934096665797480963e-01
8.309941949353377710e-01
8.703591361485154554e-01
9.115888299750808388e-01
9.547716114208039118e-01
9.999999999999991118e-01
