1.000000000000000048e-04
1.057662791884690455e-04
1.118650581337318105e-04
1.183155097000659754e-04
1.251379123126319525e-04
1.323537137071998781e-04
1.399855983558640383e-04
1.480575587807120719e-04
1.565949709796395995e-04
1.656246742014277169e-04
1.751750553208742810e-04
1.852761380792309980e-04
1.959596774704928436e-04
2.072592595702649426e-04
2.192104071210401240e-04
2.318506912058189244e-04
2.452198493611416658e-04
2.593599105008483497e-04
2.743153270432906882e-04
2.901331146573687589e-04
3.068630000667136627e-04
3.245575773766723004e-04
3.432724734155426509e-04
3.630665226098460201e-04
3.840019519433957181e-04
4.061445765816226630e-04
4.295640067761445418e-04
4.543338667000310408e-04
4.805320259017216173e-04
5.082408441052212395e-04
5.375474301261600396e-04
5.685439157176749945e-04
6.013277452070101654e-04
6.360019818333722793e-04
6.726756317500805996e-04
7.114639867095882367e-04
7.524889865086752550e-04
7.958796023332465270e-04
8.417722422078588755e-04
8.903111798245997308e-04
9.416490080994390031e-04
9.959471188819017835e-04
1.053376210326146221e-03
1.114116823518466375e-03
1.178359910048244362e-03
1.246307432306618555e-03
1.318172998400058207e-03
1.394182533674818850e-03
1.474574990963379911e-03
1.559603101785671155e-03
1.649534170866655486e-03
1.744650916468025101e-03
1.845252359175754810e-03
1.951654761937640734e-03
2.064192624306015588e-03
2.183219734011287213e-03
2.309110279172128626e-03
2.442260024638830823e-03
2.583087556167878215e-03
2.732035596339120725e-03
2.889572396352388817e-03
3.056193208079003264e-03
3.232421840995866776e-03
3.418812308896740457e-03
3.615950571557469909e-03
3.824456376830515092e-03
4.044985208959770567e-03
4.278230349240668556e-03
4.524925055503700548e-03
4.785844867273030337e-03
5.061810043847010145e-03
5.353688142965194914e-03
5.662396748168533299e-03
5.988906353426721486e-03
6.334243414101265249e-03
6.699493573835562342e-03
7.085805077516461707e-03
7.494392381036774076e-03
7.926539969206706018e-03
8.383606393816757027e-03
8.867028544546571786e-03
9.378326166146366827e-03
9.919106636091610391e-03
1.049107001773061029e-02
1.109601440481073308e-02
1.173584157418485971e-02
1.241256296446877593e-02
1.312830599944454953e-02
1.388532077608906415e-02
1.468598713825285292e-02
1.553282215822716396e-02
1.642848804971892146e-02
1.737580053710999911e-02
1.837773770731125980e-02
1.943744937203937401e-02
2.055826696994848476e-02
2.174371403974652284e-02
2.299751729722066332e-02
2.432361835099485989e-02
2.572618609385090779e-02
2.720962980856744470e-02
2.877861302947835875e-02
3.043806820332719751e-02
3.219321219550765750e-02
3.404956269043689365e-02
3.601295553762030172e-02
3.808956309793869871e-02
4.028591364783391110e-02
4.260891190239355503e-02
4.506586072185441577e-02
4.766448406976314667e-02
5.041295129496902588e-02
5.331990281378384822e-02
5.639447727304697233e-02
5.964634027948861883e-02
6.308571478570818014e-02
6.672341322829340726e-02
7.057087151911266287e-02
7.464018499664054618e-02
7.894414645033660805e-02
8.349628633761686791e-02
8.831091531984737453e-02
9.340316925108231583e-02
9.878905676097796129e-02
1.044855095814710699e-01
1.105104357754332356e-01
1.168827760346385775e-01
1.236225632240288003e-01
1.307509853594679416e-01
1.382904522169690897e-01
1.462646657827958718e-01
1.546986947659131362e-01
1.636190534070331992e-01
1.730537848320129746e-01
1.830325492116392783e-01
1.935867170049545283e-01
2.047494675792516372e-01
2.165558935167751498e-01
2.290431109360361039e-01
2.422503761745629647e-01
2.562192091999046517e-01
2.709935241368587322e-01
2.866197673212611541e-01
3.031470633143453774e-01
3.206273693366957223e-01
3.391156386072930462e-01
3.586699931011494979e-01
3.793519062686246390e-01
4.012263962908525494e-01
4.243622304788166044e-01
4.488321414586398661e-01
4.747130558227288244e-01
5.020863359655806102e-01
5.310380358645100385e-01
5.616591716094204711e-01
5.940460075320624922e-01
6.283003588343143431e-01
6.645299116668541561e-01
7.028485616644521983e-01
7.433767720021625669e-01
7.862419520980368226e-01
8.315788581528777978e-01
8.795300167862563079e-01
9.302461731005409185e-01
9.838867645815660978e-01
1.040620422325735150e+00
1.100625501169261389e+00
1.164090640386168385e+00
1.231215356717672682e+00
1.302210671597317404e+00
1.377299774543657263e+00
1.456718724806000287e+00
1.540717193469018698e+00
1.629559248349188083e+00
1.723524184150518002e+00
1.822907400489421459e+00
1.928021330548906231e+00
2.039196423281589343e+00
2.156782182249282087e+00
2.281148264364928568e+00
2.412685641991128005e+00
2.551807832048444524e+00
2.698952195997573966e+00
2.854581314782112411e+00
3.019184443054320877e+00
3.193279047255654035e+00
3.377412432387302044e+00
3.572163462584812432e+00
3.778144380905938515e+00
3.996002734052432448e+00
4.226423408076747101e+00
4.470130781473264037e+00
4.727891002422699884e+00
5.000514397348903906e+00
5.288858018359634983e+00
5.593828337579976662e+00
5.916384096848538832e+00
6.257539321735012372e+00
6.618366509354478566e+00
6.999999999999994671e+00
