1.000000000000000048e-04
1.068164253911118775e-04
1.140974873333496615e-04
1.218748574305607486e-04
1.301823661578388664e-04
1.390561500193720113e-04
1.485348087371951033e-04
1.586595731545966867e-04
1.694744845845363133e-04
1.810265863832125868e-04
1.933661285821009585e-04
2.065467864685812836e-04
2.206258940659512743e-04
2.356646935284303077e-04
2.517286015359881750e-04
2.688874938477780899e-04
2.872160092519423342e-04
3.067938742339299603e-04
3.277062497755872943e-04
3.500441017935508950e-04
3.739045968282959215e-04
3.993915247050343299e-04
4.266157500049770493e-04
4.556956943107986265e-04
4.867578513240034682e-04
5.199373370948831953e-04
5.553784777584898141e-04
5.932354373331899609e-04
6.336728883126431164e-04
6.768667279681779602e-04
7.230048434773888102e-04
7.722879292071500000e-04
8.249303597061182760e-04
8.811611222041164978e-04
9.412248126746443214e-04
1.005382699793243512e-03
1.073913861419796079e-03
1.147116398548284977e-03
1.225308732004538404e-03
1.308830987532406086e-03
1.398046475293305158e-03
1.493343270214742566e-03
1.595135900062120667e-03
1.703867148576695837e-03
1.820009981523090705e-03
1.944069604024401118e-03
2.076585658134008378e-03
2.218134570203242339e-03
2.369332058255606104e-03
2.530835810274294218e-03
2.703348345053182590e-03
2.887620068055590707e-03
3.084452535573373524e-03
3.294701941384989632e-03
3.519282841079011438e-03
3.759172130243364131e-03
4.015413293824873948e-03
4.289120945143234075e-03
4.581485674303473025e-03
4.893779227096847415e-03
5.227360036917635087e-03
5.583679133758921720e-03
5.964286455990680177e-03
6.370837592375474916e-03
6.805100983648657877e-03
7.268965614988887568e-03
7.764449232840181687e-03
8.293707121827489925e-03
8.859041479944191819e-03
9.462911432792233540e-03
1.010794373043551013e-02
1.079694417339621682e-02
1.153290981749576991e-02
1.231904201062958455e-02
1.315876031818387880e-02
1.405571739766811948e-02
1.501381488726569700e-02
1.603722037741580828e-02
1.713038553925053109e-02
1.829806548874336053e-02
1.954533947080034154e-02
2.087763295326698632e-02
2.230074122695661562e-02
2.382085461435703988e-02
2.544458539666991440e-02
2.717899657631166546e-02
2.903163259998879642e-02
3.101055217598872385e-02
3.312436332843680942e-02
3.538226084100052488e-02
3.779406625291591854e-02
4.037027058131332363e-02
4.312207995567853003e-02
4.606146436295295576e-02
4.920120971530722587e-02
5.255497346707562606e-02
5.613734402277748697e-02
5.996390419464184968e-02
6.405129898566741531e-02
6.841730799306341981e-02
7.308092274701781521e-02
7.806242932120438516e-02
8.338349657437371665e-02
8.906727040686622521e-02
9.513847444205011938e-02
1.016235175706345084e-01
1.085506088256601859e-01
1.159498800878590030e-01
1.238535171551315706e-01
1.322958997462790609e-01
1.413137510479843262e-01
1.509462974555517700e-01
1.612354392022552207e-01
1.722259326195084983e-01
1.839655848206638855e-01
1.965054616552869005e-01
2.099001098384794817e-01
2.242077942214813213e-01
2.394907512356461710e-01
2.558154596122373392e-01
2.732529295556354043e-01
2.918790116278228153e-01
3.117747266877477497e-01
3.330266183207613584e-01
3.557271292911386440e-01
3.799750036552134724e-01
4.058757162842453470e-01
4.335419316654021693e-01
4.630939939765592039e-01
4.946604505666909457e-01
5.283786111189077150e-01
5.643951449284208000e-01
6.028667188935247223e-01
6.439606789947454057e-01
6.878557782265202203e-01
7.347429541477823456e-01
7.848261594337179181e-01
8.383232490414451732e-01
8.954669278486994122e-01
9.565057628875884843e-01
1.021705264576505456e+00
1.091349041653425944e+00
1.165740034834345185e+00
1.245201834563150811e+00
1.330080088584903120e+00
1.420744005465328863e+00
1.517587960596566310e+00
1.621033211675125818e+00
1.731529731114106907e+00
1.849558163360418339e+00
1.975631915631101965e+00
2.110299391163088067e+00
2.254146374690810362e+00
2.407798580528060395e+00
2.571924374338008690e+00
2.747237680430576923e+00
2.934501087233637229e+00
3.134529164446287375e+00
3.348192006303408075e+00
3.576419016364253967e+00
3.820202950288257515e+00
4.080604234183714318e+00
4.358755577313395690e+00
4.655866899221894784e+00
4.973230592716824994e+00
5.312227145597312905e+00
5.674331145583350278e+00
6.061117694566657832e+00
6.474269260084279054e+00
6.915582993817607438e+00
7.386978548951613099e+00
7.890506430398329663e+00
8.428356914207325801e+00
9.002869574960877586e+00
9.616543462597187286e+00
1.027204797292897887e+01
1.097223445914289286e+01
1.172014863478824687e+01
1.251904382220599210e+01
1.337239510402727483e+01
1.428391443929797688e+01
1.525756680998299331e+01
1.629758746808451519e+01
1.740850035839768140e+01
1.859513779703931746e+01
1.986266149134892700e+01
2.121658499259585184e+01
2.266279767915796839e+01
2.420759037449642648e+01
2.585768271135992791e+01
2.762025236125024108e+01
2.950296625629164637e+01
3.151401393931670469e+01
3.366214318723479693e+01
3.595669806264186974e+01
3.840765955918924845e+01
4.102568901751359931e+01
4.382217450058202246e+01
4.680928033017701040e+01
4.999999999999997158e+01
