1.000000000000000021e-03
2.599000000000000268e-02
5.098000000000000448e-02
7.597000000000000974e-02
1.009600000000000081e-01
1.259500000000000064e-01
1.509400000000000186e-01
1.759300000000000030e-01
2.009200000000000153e-01
2.259100000000000275e-01
2.509000000000000119e-01
2.758900000000000241e-01
3.008800000000000363e-01
3.258700000000000485e-01
3.508600000000000052e-01
3.758500000000000174e-01
4.008400000000000296e-01
4.258300000000000418e-01
4.508200000000000540e-01
4.758100000000000107e-01
5.008000000000000229e-01
5.257900000000000906e-01
5.507800000000000473e-01
5.757700000000000040e-01
6.007600000000000717e-01
6.257500000000000284e-01
6.507400000000000961e-01
6.757300000000000528e-01
7.007200000000000095e-01
7.257100000000000772e-01
7.507000000000000339e-01
7.756900000000001016e-01
8.006800000000000583e-01
8.256700000000000150e-01
8.506600000000000827e-01
8.756500000000000394e-01
9.006400000000001071e-01
9.256300000000000638e-01
9.506200000000000205e-01
9.756100000000000882e-01
1.000599999999999934e+00
1.025590000000000002e+00
1.050580000000000069e+00
1.075569999999999915e+00
1.100559999999999983e+00
1.125550000000000050e+00
1.150539999999999896e+00
1.175529999999999964e+00
1.200520000000000032e+00
1.225509999999999877e+00
1.250499999999999945e+00
1.275490000000000013e+00
1.300480000000000080e+00
1.325469999999999926e+00
1.350459999999999994e+00
1.375450000000000061e+00
1.400439999999999907e+00
1.425429999999999975e+00
1.450420000000000043e+00
1.475409999999999888e+00
1.500399999999999956e+00
1.525390000000000024e+00
1.550380000000000091e+00
1.575369999999999937e+00
1.600360000000000005e+00
1.625350000000000072e+00
1.650339999999999918e+00
1.675329999999999986e+00
1.700320000000000054e+00
1.725310000000000121e+00
1.750299999999999967e+00
1.775290000000000035e+00
1.800280000000000102e+00
1.825269999999999948e+00
1.850260000000000016e+00
1.875250000000000083e+00
1.900239999999999929e+00
1.925229999999999997e+00
1.950220000000000065e+00
1.975210000000000132e+00
2.000199999999999978e+00
2.025189999999999824e+00
2.050180000000000113e+00
2.075169999999999959e+00
2.100160000000000249e+00
2.125150000000000095e+00
2.150139999999999940e+00
2.175130000000000230e+00
2.200120000000000076e+00
2.225109999999999921e+00
2.250100000000000211e+00
2.275090000000000057e+00
2.300079999999999902e+00
2.325070000000000192e+00
2.350060000000000038e+00
2.375049999999999883e+00
2.400040000000000173e+00
2.425030000000000019e+00
2.450019999999999865e+00
2.475010000000000154e+00
2.500000000000000000e+00
