0.000000000000000000e+00 0.000000000000000000e+00
7.442842461445400910e-224 2.500000000000000139e-02
8.594051364782527090e-227 5.000000000000000278e-02
1.173638367201310599e-229 7.499999999999999722e-02
2.710451138817519341e-232 1.000000000000000056e-01
1.195999671276209858e-234 1.250000000000000000e-01
1.071742055358718516e-236 1.499999999999999944e-01
2.023712040737739354e-238 1.749999999999999889e-01
8.254167020885188737e-240 2.000000000000000111e-01
7.400759586156698130e-241 2.250000000000000056e-01
1.477087827482795032e-241 2.500000000000000000e-01
6.620093772947332382e-242 2.750000000000000222e-01
6.700293494647908838e-242 2.999999999999999889e-01
1.535878448308023661e-241 3.250000000000000111e-01
7.977036254183661897e-241 3.499999999999999778e-01
9.369898602141857555e-240 3.750000000000000000e-01
2.478967042340084480e-238 4.000000000000000222e-01
1.468127814647120035e-236 4.249999999999999889e-01
1.930340070661956657e-234 4.500000000000000111e-01
5.577282826152493424e-232 4.749999999999999778e-01
3.497904334953152633e-229 5.000000000000000000e-01
4.694750289859905614e-226 5.250000000000000222e-01
1.326820571500046560e-222 5.500000000000000444e-01
7.754283130768169725e-219 5.749999999999999556e-01
9.185418513284831582e-215 5.999999999999999778e-01
2.157492537465849017e-210 6.250000000000000000e-01
9.811334081501559423e-206 6.500000000000000222e-01
8.418663349070400827e-201 6.750000000000000444e-01
1.325796952510228704e-195 6.999999999999999556e-01
3.720389475328727019e-190 7.249999999999999778e-01
1.802659518679637421e-184 7.500000000000000000e-01
1.458707434612988785e-178 7.750000000000000222e-01
1.903036538440804640e-172 8.000000000000000444e-01
3.856796068908236910e-166 8.249999999999999556e-01
1.167790237968058488e-159 8.499999999999999778e-01
5.071101278897759528e-153 8.750000000000000000e-01
3.025959947461519976e-146 9.000000000000000222e-01
2.372772226560447828e-139 9.250000000000000444e-01
2.333859688300511001e-132 9.499999999999999556e-01
2.743464975712972175e-125 9.749999999999999778e-01
3.665200923694364847e-118 1.000000000000000000e+00
5.282342105139580930e-111 1.024999999999999911e+00
7.780957650901650481e-104 1.050000000000000044e+00
1.107790758548865904e-96 1.074999999999999956e+00
1.438920193237971722e-89 1.100000000000000089e+00
1.606591438409722719e-82 1.125000000000000000e+00
1.450118489558132400e-75 1.149999999999999911e+00
9.933001482231124749e-69 1.175000000000000044e+00
4.838427733608570948e-62 1.199999999999999956e+00
1.567729392973674516e-55 1.225000000000000089e+00
3.155146988507636642e-49 1.250000000000000000e+00
3.676617617892732416e-43 1.274999999999999911e+00
2.308554131957909788e-37 1.300000000000000044e+00
7.257573302874758679e-32 1.324999999999999956e+00
1.059878709637743283e-26 1.350000000000000089e+00
6.661984059038809190e-22 1.375000000000000000e+00
1.668050425140716126e-17 1.399999999999999911e+00
1.538538464932982485e-13 1.425000000000000044e+00
4.833779625412068413e-10 1.449999999999999956e+00
4.789295077155331728e-07 1.475000000000000089e+00
1.391198077059238125e-04 1.500000000000000000e+00
1.113189179088230375e-02 1.524999999999999911e+00
2.366865518619311881e-01 1.550000000000000044e+00
1.381705360353303158e+00 1.574999999999999956e+00
2.721522190252073869e+00 1.600000000000000089e+00
2.920938107963333419e+00 1.625000000000000000e+00
2.729044815017634296e+00 1.649999999999999911e+00
2.603407478168717315e+00 1.675000000000000044e+00
2.509900894052859766e+00 1.699999999999999956e+00
2.334370881815501786e+00 1.725000000000000089e+00
2.141687198752015409e+00 1.750000000000000000e+00
1.961690832309286980e+00 1.774999999999999911e+00
1.795145772020585007e+00 1.800000000000000044e+00
1.641238399171782714e+00 1.824999999999999956e+00
1.499173185758261084e+00 1.850000000000000089e+00
1.368186593031222031e+00 1.875000000000000000e+00
1.247547988516555462e+00 1.899999999999999911e+00
1.136560185948939594e+00 1.925000000000000044e+00
1.034559666142399026e+00 1.949999999999999956e+00
9.409165202964715480e-01 1.975000000000000089e+00
8.550341540604101676e-01 2.000000000000000000e+00
7.763487873390401139e-01 2.024999999999999911e+00
7.043287819635624114e-01 2.049999999999999822e+00
6.384738262386875363e-01 2.075000000000000178e+00
5.783140026553160729e-01 2.100000000000000089e+00
5.234087623742813555e-01 2.125000000000000000e+00
4.733458275838952067e-01 2.149999999999999911e+00
4.277400404864977190e-01 2.174999999999999822e+00
3.862321754805469465e-01 2.200000000000000178e+00
3.484877290749313627e-01 2.225000000000000089e+00
3.141957001963973650e-01 2.250000000000000000e+00
2.830673718346644052e-01 2.274999999999999911e+00
2.548351033846050218e-01 2.299999999999999822e+00
2.292511416256468038e-01 2.325000000000000178e+00
2.060864569697129778e-01 2.350000000000000089e+00
1.851296104449183522e-01 2.375000000000000000e+00
1.661856558308674736e-01 2.399999999999999911e+00
1.490750617547491608e-01 2.424999999999999822e+00
1.335990763889761956e-01 2.450000000000000178e+00
1.152738227860727882e-01 2.475000000000000089e+00
5.893741270339795252e-02 2.500000000000000000e+00
