0.000000000000000000e+00 0.000000000000000000e+00
2.500000000000000139e-02 2.608032913314380197e-66
5.000000000000000278e-02 2.385195141734368430e-59
7.499999999999999722e-02 2.989459690351635624e-53
1.000000000000000056e-01 8.339380466814035451e-48
1.250000000000000000e-01 6.544727161483882641e-43
1.499999999999999944e-01 1.696279849419090758e-38
1.749999999999999889e-01 1.645822385564951822e-34
2.000000000000000111e-01 6.632780219246722219e-31
2.250000000000000056e-01 1.213456178098358813e-27
2.500000000000000000e-01 1.088723692551194309e-24
2.750000000000000222e-01 5.126943308053944551e-22
2.999999999999999889e-01 1.345698339686388574e-19
3.250000000000000111e-01 2.076938075660577906e-17
3.499999999999999778e-01 1.977298979923580076e-15
3.750000000000000000e-01 1.212175831058072749e-13
4.000000000000000222e-01 4.974431615922389063e-12
4.249999999999999889e-01 1.415325904592451545e-10
4.500000000000000111e-01 2.882528528721518991e-09
4.749999999999999778e-01 4.326735037847219983e-08
5.000000000000000000e-01 3.352766422300426244e-07
5.250000000000000222e-01 3.048976401520954270e-06
5.500000000000000444e-01 2.282613105558685870e-05
5.749999999999999556e-01 1.377336501617159594e-04
5.999999999999999778e-01 6.816323663616128629e-04
6.250000000000000000e-01 2.812313114093785513e-03
6.500000000000000222e-01 9.819360068741570663e-03
6.750000000000000444e-01 2.941467113175751796e-02
6.999999999999999556e-01 7.655199610947334421e-02
7.249999999999999778e-01 1.750824036016957186e-01
7.500000000000000000e-01 3.556040259162279171e-01
7.750000000000000222e-01 6.475389867498442253e-01
8.000000000000000444e-01 1.066345494540516636e+00
8.249999999999999556e-01 1.600555225265079429e+00
8.499999999999999778e-01 2.205328492008005181e+00
8.750000000000000000e-01 2.807427472432017623e+00
9.000000000000000222e-01 3.321431892653826434e+00
9.250000000000000444e-01 3.671557894417456058e+00
9.499999999999999556e-01 3.810807824124875509e+00
9.749999999999999778e-01 3.730702623504001281e+00
1.000000000000000000e+00 3.459304192904452790e+00
1.024999999999999911e+00 3.049980081059817216e+00
1.050000000000000044e+00 2.566138511516591780e+00
1.074999999999999956e+00 2.067232497080809139e+00
1.100000000000000089e+00 1.599438081463576689e+00
1.125000000000000000e+00 1.191933548618579808e+00
1.149999999999999911e+00 8.577856479798716682e-01
1.175000000000000044e+00 5.975646609041370683e-01
1.199999999999999956e+00 4.038445017251490743e-01
1.225000000000000089e+00 2.652912585490335706e-01
1.250000000000000000e+00 1.697022555345334971e-01
1.274999999999999911e+00 1.058797819082119979e-01
1.300000000000000044e+00 6.452697832675104161e-02
1.324999999999999956e+00 3.846455400057027102e-02
1.350000000000000089e+00 2.245503858118534646e-02
1.375000000000000000e+00 1.285301984848778202e-02
1.399999999999999911e+00 7.221175970589584214e-03
1.425000000000000044e+00 3.986289140866434468e-03
1.449999999999999956e+00 2.164275697962617182e-03
1.475000000000000089e+00 1.156765583375031579e-03
1.500000000000000000e+00 6.091957402949273398e-04
1.524999999999999911e+00 3.163895746501983394e-04
1.550000000000000044e+00 1.621820763782399956e-04
1.574999999999999956e+00 8.211977317189746823e-05
1.600000000000000089e+00 4.110487307626560608e-05
1.625000000000000000e+00 2.035466741406542892e-05
1.649999999999999911e+00 9.978663699934278602e-06
1.675000000000000044e+00 4.850313183927957660e-06
1.699999999999999956e+00 2.335598378723960300e-06
1.725000000000000089e+00 1.115667190879044819e-06
1.750000000000000000e+00 5.289868814816132880e-07
1.774999999999999911e+00 2.659652064743641981e-07
1.800000000000000044e+00 1.249218506715214708e-07
1.824999999999999956e+00 5.833530190914152486e-08
1.850000000000000089e+00 2.709703272983927324e-08
1.875000000000000000e+00 1.252613430565716159e-08
1.899999999999999911e+00 5.765214924913322336e-09
1.925000000000000044e+00 2.643051785963151195e-09
1.949999999999999956e+00 1.207444125952836163e-09
1.975000000000000089e+00 5.498829239681822134e-10
2.000000000000000000e+00 2.497337987607394576e-10
2.024999999999999911e+00 1.131467719395007234e-10
2.049999999999999822e+00 5.115766485412390441e-11
2.075000000000000178e+00 2.308986029981000180e-11
2.100000000000000089e+00 1.040650772953663547e-11
2.125000000000000000e+00 4.684744568097468497e-12
2.149999999999999911e+00 2.107081966880202321e-12
2.174999999999999822e+00 9.471147048110677073e-13
2.200000000000000178e+00 4.255536243413852674e-13
2.225000000000000089e+00 1.911770182542085647e-13
2.250000000000000000e+00 8.588954673627551957e-14
2.274999999999999911e+00 3.859725740536563864e-14
2.299999999999999822e+00 1.735271050701510753e-14
2.325000000000000178e+00 7.806410232756506931e-15
2.350000000000000089e+00 3.514653032260091497e-15
2.375000000000000000e+00 1.583908559559503816e-15
2.399999999999999911e+00 7.145945550437013262e-16
2.424999999999999822e+00 3.227993922772363303e-16
2.450000000000000178e+00 1.460181522663344612e-16
2.475000000000000089e+00 6.615098271324937462e-17
2.500000000000000000e+00 3.001731689276464970e-17
