0.000000000000000000e+00 0.000000000000000000e+00
2.500000000000000139e-02 1.960922415453007425e-02
5.000000000000000278e-02 9.477481135165354009e-02
7.499999999999999722e-02 2.360521790200801329e-01
1.000000000000000056e-01 4.400399064574519459e-01
1.250000000000000000e-01 6.979647597297700123e-01
1.499999999999999944e-01 1.000311010138573709e+00
1.749999999999999889e-01 1.338158873356534606e+00
2.000000000000000111e-01 1.703606869994072959e+00
2.250000000000000056e-01 2.089305455784959964e+00
2.500000000000000000e-01 2.485928729101837042e+00
2.750000000000000222e-01 2.876427464173433535e+00
2.999999999999999889e-01 3.228120736213484943e+00
3.250000000000000111e-01 3.488984422246276917e+00
3.499999999999999778e-01 3.597384994885475695e+00
3.750000000000000000e-01 3.506748755318769284e+00
4.000000000000000222e-01 3.211706895050366661e+00
4.249999999999999889e-01 2.756551417891325517e+00
4.500000000000000111e-01 2.219089964360242195e+00
4.749999999999999778e-01 1.681241440468295378e+00
5.000000000000000000e-01 1.204416849674277978e+00
5.250000000000000222e-01 8.198908698972241504e-01
5.500000000000000444e-01 5.326513011829693278e-01
5.749999999999999556e-01 3.313283779567398613e-01
5.999999999999999778e-01 1.977692565445773876e-01
6.250000000000000000e-01 1.134350888854160078e-01
6.500000000000000222e-01 6.258102275244989410e-02
6.750000000000000444e-01 3.323743552556344960e-02
6.999999999999999556e-01 1.701185305499084560e-02
7.249999999999999778e-01 8.401936326406622690e-03
7.500000000000000000e-01 4.010482908126349402e-03
7.750000000000000222e-01 1.853503715005979822e-03
8.000000000000000444e-01 8.310656279545539961e-04
8.249999999999999556e-01 3.622711856677858348e-04
8.499999999999999778e-01 1.538579000891465817e-04
8.750000000000000000e-01 6.380021468172695045e-05
9.000000000000000222e-01 2.588518154031314077e-05
9.250000000000000444e-01 1.029644861546296879e-05
9.499999999999999556e-01 4.028725949676683683e-06
9.749999999999999778e-01 1.549728389996261650e-06
1.000000000000000000e+00 5.877082344973119024e-07
1.024999999999999911e+00 2.378230633428283947e-07
1.050000000000000044e+00 1.408854098978606501e-07
1.074999999999999956e+00 1.113215727991078678e-07
1.100000000000000089e+00 4.119669789126402269e-08
1.125000000000000000e+00 1.511792210746719771e-08
1.149999999999999911e+00 5.508176161170081050e-09
1.175000000000000044e+00 1.994840469887420237e-09
1.199999999999999956e+00 7.188753013464171385e-10
1.225000000000000089e+00 2.580291351305537719e-10
1.250000000000000000e+00 9.233051276339975695e-11
1.274999999999999911e+00 3.296428748417573606e-11
1.300000000000000044e+00 1.175157332459717685e-11
1.324999999999999956e+00 4.186079924917665871e-12
1.350000000000000089e+00 1.490935341727043423e-12
1.375000000000000000e+00 5.312606197339828899e-13
1.399999999999999911e+00 1.894918302058322577e-13
1.425000000000000044e+00 6.768996674497212355e-14
1.449999999999999956e+00 2.422745328929818267e-14
1.475000000000000089e+00 8.692060778483896249e-15
1.500000000000000000e+00 3.127055215519206601e-15
1.524999999999999911e+00 1.128490729354487535e-15
1.550000000000000044e+00 4.086472398733088873e-16
1.574999999999999956e+00 1.485297237786522120e-16
1.600000000000000089e+00 5.420096837569640527e-17
1.625000000000000000e+00 1.986248644368546801e-17
1.649999999999999911e+00 7.311176609763312719e-18
1.675000000000000044e+00 2.703666529236046704e-18
1.699999999999999956e+00 1.004633899409796233e-18
1.725000000000000089e+00 3.751632116542395695e-19
1.750000000000000000e+00 1.408159996378140853e-19
1.774999999999999911e+00 5.313222868157186408e-20
1.800000000000000044e+00 2.015519798350015430e-20
1.824999999999999956e+00 7.687446359670727015e-21
1.850000000000000089e+00 2.948361940220251992e-21
1.875000000000000000e+00 1.137145178349374292e-21
1.899999999999999911e+00 4.410782557584880695e-22
1.925000000000000044e+00 1.720695328538321871e-22
1.949999999999999956e+00 6.751511124914945838e-23
1.975000000000000089e+00 2.664545521805732188e-23
2.000000000000000000e+00 1.057751342374893749e-23
2.024999999999999911e+00 4.223693176749202295e-24
2.049999999999999822e+00 1.696510989369549130e-24
2.075000000000000178e+00 6.854583972477416097e-25
2.100000000000000089e+00 2.785914446194215988e-25
2.125000000000000000e+00 1.138981316897577273e-25
2.149999999999999911e+00 4.684091932614401580e-26
2.174999999999999822e+00 1.937716048381727007e-26
2.200000000000000178e+00 8.063154045810401168e-27
2.225000000000000089e+00 3.374911900172747655e-27
2.250000000000000000e+00 1.420867802697779008e-27
2.274999999999999911e+00 6.016838902898544567e-28
2.299999999999999822e+00 2.562683985568477709e-28
2.325000000000000178e+00 1.097794447648396241e-28
2.350000000000000089e+00 4.729689271136597869e-29
2.375000000000000000e+00 2.049345321207025095e-29
2.399999999999999911e+00 8.930034149833667521e-30
2.424999999999999822e+00 3.913183677489174960e-30
2.450000000000000178e+00 1.724366078465991822e-30
2.475000000000000089e+00 7.640700439999366821e-31
2.500000000000000000e+00 3.404262965517867463e-31
