0.000000000000000000e+00 0.000000000000000000e+00
1.967687726606694388e-42 2.500000000000000139e-02
1.043557527667570227e-40 5.000000000000000278e-02
4.141986556842055142e-39 7.499999999999999722e-02
1.701097451357182149e-37 1.000000000000000056e-01
7.897637704760829631e-36 1.250000000000000000e-01
4.260053504140110049e-34 1.499999999999999944e-01
2.678769459001760782e-32 1.749999999999999889e-01
1.946517699722173799e-30 2.000000000000000111e-01
1.608580585957964584e-28 2.250000000000000056e-01
1.480470082356353136e-26 2.500000000000000000e-01
1.480513433804183988e-24 2.750000000000000222e-01
1.564708754124301593e-22 2.999999999999999889e-01
1.695375617221924044e-20 3.250000000000000111e-01
1.822559527437210873e-18 3.499999999999999778e-01
1.877184077632079397e-16 3.750000000000000000e-01
1.785203062644006301e-14 4.000000000000000222e-01
1.507820792101915518e-12 4.249999999999999889e-01
1.086073797078843979e-10 4.500000000000000111e-01
6.395812335163353925e-09 4.749999999999999778e-01
2.948147333369344540e-07 5.000000000000000000e-01
1.017341035652459943e-05 5.250000000000000222e-01
2.512372210934399092e-04 5.500000000000000444e-01
4.246432127871255756e-03 5.749999999999999556e-01
4.707766849392183012e-02 5.999999999999999778e-01
3.298061633036949436e-01 6.250000000000000000e-01
1.422819544628546096e+00 6.500000000000000222e-01
3.772624736794683464e+00 6.750000000000000444e-01
6.418959035065700647e+00 6.999999999999999556e-01
7.784814144400529656e+00 7.249999999999999778e-01
7.580328129078083066e+00 7.500000000000000000e-01
5.960038785410759488e+00 7.750000000000000222e-01
3.425277419753035790e+00 8.000000000000000444e-01
1.531755785983646145e+00 8.249999999999999556e-01
8.363127111805215286e-01 8.499999999999999778e-01
5.547377487529658868e-01 8.750000000000000000e-01
2.609375759037114162e-01 9.000000000000000222e-01
6.318629350223256558e-02 9.250000000000000444e-01
6.557324577699233728e-03 9.499999999999999556e-01
2.554250001546429965e-04 9.749999999999999778e-01
3.351035702182504996e-06 1.000000000000000000e+00
1.344305247946040083e-08 1.024999999999999911e+00
1.505114773124268204e-11 1.050000000000000044e+00
4.302106393037188507e-15 1.074999999999999956e+00
2.872987134202779649e-19 1.100000000000000089e+00
4.100607908803489697e-24 1.125000000000000000e+00
1.143246249756135120e-29 1.149999999999999911e+00
5.683054840177834397e-36 1.175000000000000044e+00
4.591157012923732373e-43 1.199999999999999956e+00
5.485648799523016467e-51 1.225000000000000089e+00
8.807444280631197732e-60 1.250000000000000000e+00
1.723441541145744378e-69 1.274999999999999911e+00
3.721493817673432658e-80 1.300000000000000044e+00
8.014741534679465943e-92 1.324999999999999956e+00
1.553135700771377621e-104 1.350000000000000089e+00
2.438849834208607498e-118 1.375000000000000000e+00
2.789531932927331394e-133 1.399999999999999911e+00
2.085286887859904672e-149 1.425000000000000044e+00
9.124429215429450248e-167 1.449999999999999956e+00
2.089129927934938757e-185 1.475000000000000089e+00
2.233339580572992810e-205 1.500000000000000000e+00
9.928350753964648986e-227 1.524999999999999911e+00
1.631655560556309795e-249 1.550000000000000044e+00
8.796226400991962611e-274 1.574999999999999956e+00
1.377714073370099379e-299 1.600000000000000089e+00
0.000000000000000000e+00 1.625000000000000000e+00
0.000000000000000000e+00 1.649999999999999911e+00
0.000000000000000000e+00 1.675000000000000044e+00
0.000000000000000000e+00 1.699999999999999956e+00
0.000000000000000000e+00 1.725000000000000089e+00
0.000000000000000000e+00 1.750000000000000000e+00
0.000000000000000000e+00 1.774999999999999911e+00
0.000000000000000000e+00 1.800000000000000044e+00
0.000000000000000000e+00 1.824999999999999956e+00
0.000000000000000000e+00 1.850000000000000089e+00
0.000000000000000000e+00 1.875000000000000000e+00
0.000000000000000000e+00 1.899999999999999911e+00
0.000000000000000000e+00 1.925000000000000044e+00
0.000000000000000000e+00 1.949999999999999956e+00
0.000000000000000000e+00 1.975000000000000089e+00
0.000000000000000000e+00 2.000000000000000000e+00
0.000000000000000000e+00 2.024999999999999911e+00
0.000000000000000000e+00 2.049999999999999822e+00
0.000000000000000000e+00 2.075000000000000178e+00
0.000000000000000000e+00 2.100000000000000089e+00
0.000000000000000000e+00 2.125000000000000000e+00
0.000000000000000000e+00 2.149999999999999911e+00
0.000000000000000000e+00 2.174999999999999822e+00
0.000000000000000000e+00 2.200000000000000178e+00
0.000000000000000000e+00 2.225000000000000089e+00
0.000000000000000000e+00 2.250000000000000000e+00
0.000000000000000000e+00 2.274999999999999911e+00
0.000000000000000000e+00 2.299999999999999822e+00
0.000000000000000000e+00 2.325000000000000178e+00
0.000000000000000000e+00 2.350000000000000089e+00
0.000000000000000000e+00 2.375000000000000000e+00
0.000000000000000000e+00 2.399999999999999911e+00
0.000000000000000000e+00 2.424999999999999822e+00
0.000000000000000000e+00 2.450000000000000178e+00
0.000000000000000000e+00 2.475000000000000089e+00
0.000000000000000000e+00 2.500000000000000000e+00
