0.000000000000000000e+00 0.000000000000000000e+00
2.500000000000000139e-02 1.992526358456292054e-51
5.000000000000000278e-02 1.335227250011671500e-45
7.499999999999999722e-02 1.502421318405778685e-40
1.000000000000000056e-01 4.522229356275915746e-36
1.250000000000000000e-01 4.524365585900015399e-32
1.499999999999999944e-01 1.739568575654815195e-28
1.749999999999999889e-01 2.874496621784075561e-25
2.000000000000000111e-01 2.237838311540828019e-22
2.250000000000000056e-01 8.874778747134052419e-20
2.500000000000000000e-01 1.918354593490430620e-17
2.750000000000000222e-01 2.398352677569369986e-15
2.999999999999999889e-01 1.827752372039273322e-13
3.250000000000000111e-01 8.897600544994404459e-12
3.499999999999999778e-01 2.885478794384212068e-10
3.750000000000000000e-01 6.474515701430004580e-09
4.000000000000000222e-01 1.040312768486699267e-07
4.249999999999999889e-01 8.823262828126098984e-07
4.500000000000000111e-01 8.307933694399694671e-06
4.749999999999999778e-01 6.252018200323312708e-05
5.000000000000000000e-01 3.732088716592847719e-04
5.250000000000000222e-01 1.803021396413097581e-03
5.500000000000000444e-01 7.180918754435778283e-03
5.749999999999999556e-01 2.397610459817527129e-02
5.999999999999999778e-01 6.814353636412748272e-02
6.250000000000000000e-01 1.671621504354690591e-01
6.500000000000000222e-01 3.584074064962972095e-01
6.750000000000000444e-01 6.793325498391977746e-01
6.999999999999999556e-01 1.150058032939376584e+00
7.249999999999999778e-01 1.755183833883120936e+00
7.500000000000000000e-01 2.435215633991367756e+00
7.750000000000000222e-01 3.095055957064587471e+00
8.000000000000000444e-01 3.628456112345069595e+00
8.249999999999999556e-01 3.948623384274378534e+00
8.499999999999999778e-01 4.012041511095381097e+00
8.750000000000000000e-01 3.826588759744651735e+00
9.000000000000000222e-01 3.443037622915275264e+00
9.250000000000000444e-01 2.935972606411550334e+00
9.499999999999999556e-01 2.382793860119265084e+00
9.749999999999999778e-01 1.847736307339100659e+00
1.000000000000000000e+00 1.373914392264531159e+00
1.024999999999999911e+00 9.827579842624475370e-01
1.050000000000000044e+00 6.782023760946651603e-01
1.074999999999999956e+00 4.527105088407512579e-01
1.100000000000000089e+00 2.929727542948095120e-01
1.125000000000000000e+00 1.841887933117210829e-01
1.149999999999999911e+00 1.126975401510307007e-01
1.175000000000000044e+00 6.721785598629996528e-02
1.199999999999999956e+00 3.913908216554505548e-02
1.225000000000000089e+00 2.227799254036783722e-02
1.250000000000000000e+00 1.241147592706926851e-02
1.274999999999999911e+00 6.775844901628971621e-03
1.300000000000000044e+00 3.628960930527183170e-03
1.324999999999999956e+00 1.908739478344976702e-03
1.350000000000000089e+00 9.869774288190620668e-04
1.375000000000000000e+00 5.022277031341284507e-04
1.399999999999999911e+00 2.517391348869061794e-04
1.425000000000000044e+00 1.244138257150657423e-04
1.449999999999999956e+00 6.068104482249950964e-05
1.475000000000000089e+00 2.923410512517627945e-05
1.500000000000000000e+00 1.392360262046271182e-05
1.524999999999999911e+00 6.565834065800567367e-06
1.550000000000000044e+00 3.064182047702930640e-06
1.574999999999999956e+00 1.417110747353606264e-06
1.600000000000000089e+00 6.499423092929159244e-07
1.625000000000000000e+00 3.141134711896266320e-07
1.649999999999999911e+00 1.424921208303809031e-07
1.675000000000000044e+00 6.422762257238787730e-08
1.699999999999999956e+00 2.878309657983257375e-08
1.725000000000000089e+00 1.283167163848879817e-08
1.750000000000000000e+00 5.693668071028035089e-09
1.774999999999999911e+00 2.515854272447274174e-09
1.800000000000000044e+00 1.107574616479913709e-09
1.824999999999999956e+00 4.860191039423905333e-10
1.850000000000000089e+00 2.126740539546468002e-10
1.875000000000000000e+00 9.283981082373736299e-11
1.899999999999999911e+00 4.044645670308025886e-11
1.925000000000000044e+00 1.759185966258427986e-11
1.949999999999999956e+00 7.641482552453375820e-12
1.975000000000000089e+00 3.316035052214499870e-12
2.000000000000000000e+00 1.438033704824665822e-12
2.024999999999999911e+00 6.233795796772333730e-13
2.049999999999999822e+00 2.702012380192238628e-13
2.075000000000000178e+00 1.171342862530529469e-13
2.100000000000000089e+00 5.079800879051310263e-14
2.125000000000000000e+00 2.204311563953488833e-14
2.149999999999999911e+00 9.573143851077883061e-15
2.174999999999999822e+00 4.161764396822999179e-15
2.200000000000000178e+00 1.811433025214534056e-15
2.225000000000000089e+00 7.895223467173225117e-16
2.250000000000000000e+00 3.446470381608118990e-16
2.274999999999999911e+00 1.507018857796074132e-16
2.299999999999999822e+00 6.601741646522813309e-17
2.325000000000000178e+00 2.897688119060735786e-17
2.350000000000000089e+00 1.274534856772442641e-17
2.375000000000000000e+00 5.618349570711757525e-18
2.399999999999999911e+00 2.482385792863606238e-18
2.424999999999999822e+00 1.099452568605203657e-18
2.450000000000000178e+00 4.881693695965033426e-19
2.475000000000000089e+00 2.173144065434862413e-19
2.500000000000000000e+00 9.699846169391005624e-20
