0.000000000000000000e+00 0.000000000000000000e+00
1.952197602793934319e-17 2.500000000000000139e-02
1.026359225805461417e-15 5.000000000000000278e-02
3.289068396784656189e-14 7.499999999999999722e-02
8.800668756119681683e-13 1.000000000000000056e-01
2.128503945396197464e-11 1.250000000000000000e-01
4.739677684663104268e-10 1.499999999999999944e-01
9.664587354710898643e-09 1.749999999999999889e-01
1.773787655998415861e-07 2.000000000000000111e-01
2.860698540521518382e-06 2.250000000000000056e-01
3.940816756244094562e-05 2.500000000000000000e-01
4.494837970347111047e-04 2.750000000000000222e-01
4.107921185281773052e-03 2.999999999999999889e-01
2.910271885752118565e-02 3.250000000000000111e-01
1.548520107138278423e-01 3.499999999999999778e-01
6.022707348762408319e-01 3.750000000000000000e-01
1.682867289435890923e+00 4.000000000000000222e-01
3.384599733113529130e+00 4.249999999999999889e-01
5.072330919523897919e+00 4.500000000000000111e-01
6.107250906850234529e+00 4.749999999999999778e-01
6.439902572975547024e+00 5.000000000000000000e-01
6.068713494478218173e+00 5.250000000000000222e-01
4.741085406010892456e+00 5.500000000000000444e-01
2.825286460070213668e+00 5.749999999999999556e-01
1.379038737638686785e+00 5.999999999999999778e-01
7.527030221400328180e-01 6.250000000000000000e-01
4.654407127609405115e-01 6.500000000000000222e-01
2.199278902916520506e-01 6.750000000000000444e-01
6.091585184310496087e-02 6.999999999999999556e-01
8.550515578390522828e-03 7.249999999999999778e-01
5.465021073984639623e-04 7.500000000000000000e-01
1.451167638854839689e-05 7.750000000000000222e-01
1.471442058147712488e-07 8.000000000000000444e-01
5.254185230539179979e-10 8.249999999999999556e-01
6.100580330693721474e-13 8.499999999999999778e-01
2.126754820796108581e-16 8.750000000000000000e-01
2.054148532182582125e-20 9.000000000000000222e-01
5.066804283386653802e-25 9.250000000000000444e-01
2.938093731441881147e-30 9.499999999999999556e-01
3.681448697150997599e-36 9.749999999999999778e-01
9.147243481210520305e-43 1.000000000000000000e+00
4.129046252874192087e-50 1.024999999999999911e+00
3.096833491875780619e-58 1.050000000000000044e+00
3.523307148183152619e-67 1.074999999999999956e+00
5.541505077023277419e-77 1.100000000000000089e+00
1.096087874212119463e-87 1.125000000000000000e+00
2.475761548312659718e-99 1.149999999999999911e+00
5.787996995644770702e-112 1.175000000000000044e+00
1.267112799965486472e-125 1.199999999999999956e+00
2.345738522447174439e-140 1.225000000000000089e+00
3.309994553509658592e-156 1.250000000000000000e+00
3.203013376309924906e-173 1.274999999999999911e+00
1.908831027205742368e-191 1.300000000000000044e+00
6.279699560604402511e-211 1.324999999999999956e+00
1.020350356723934252e-231 1.350000000000000089e+00
7.312495508999247420e-254 1.375000000000000000e+00
2.060365569013377518e-277 1.399999999999999911e+00
2.030631914064306670e-302 1.425000000000000044e+00
0.000000000000000000e+00 1.449999999999999956e+00
0.000000000000000000e+00 1.475000000000000089e+00
0.000000000000000000e+00 1.500000000000000000e+00
0.000000000000000000e+00 1.524999999999999911e+00
0.000000000000000000e+00 1.550000000000000044e+00
0.000000000000000000e+00 1.574999999999999956e+00
0.000000000000000000e+00 1.600000000000000089e+00
0.000000000000000000e+00 1.625000000000000000e+00
0.000000000000000000e+00 1.649999999999999911e+00
0.000000000000000000e+00 1.675000000000000044e+00
0.000000000000000000e+00 1.699999999999999956e+00
0.000000000000000000e+00 1.725000000000000089e+00
0.000000000000000000e+00 1.750000000000000000e+00
0.000000000000000000e+00 1.774999999999999911e+00
0.000000000000000000e+00 1.800000000000000044e+00
0.000000000000000000e+00 1.824999999999999956e+00
0.000000000000000000e+00 1.850000000000000089e+00
0.000000000000000000e+00 1.875000000000000000e+00
0.000000000000000000e+00 1.899999999999999911e+00
0.000000000000000000e+00 1.925000000000000044e+00
0.000000000000000000e+00 1.949999999999999956e+00
0.000000000000000000e+00 1.975000000000000089e+00
0.000000000000000000e+00 2.000000000000000000e+00
0.000000000000000000e+00 2.024999999999999911e+00
0.000000000000000000e+00 2.049999999999999822e+00
0.000000000000000000e+00 2.075000000000000178e+00
0.000000000000000000e+00 2.100000000000000089e+00
0.000000000000000000e+00 2.125000000000000000e+00
0.000000000000000000e+00 2.149999999999999911e+00
0.000000000000000000e+00 2.174999999999999822e+00
0.000000000000000000e+00 2.200000000000000178e+00
0.000000000000000000e+00 2.225000000000000089e+00
0.000000000000000000e+00 2.250000000000000000e+00
0.000000000000000000e+00 2.274999999999999911e+00
0.000000000000000000e+00 2.299999999999999822e+00
0.000000000000000000e+00 2.325000000000000178e+00
0.000000000000000000e+00 2.350000000000000089e+00
0.000000000000000000e+00 2.375000000000000000e+00
0.000000000000000000e+00 2.399999999999999911e+00
0.000000000000000000e+00 2.424999999999999822e+00
0.000000000000000000e+00 2.450000000000000178e+00
0.000000000000000000e+00 2.475000000000000089e+00
0.000000000000000000e+00 2.500000000000000000e+00
