0.000000000000000000e+00 0.000000000000000000e+00
8.554442665796950856e-119 2.500000000000000139e-02
1.350619152922363437e-118 5.000000000000000278e-02
2.131082252534428644e-118 7.499999999999999722e-02
4.728231202458870252e-118 1.000000000000000056e-01
1.640023598728573140e-117 1.250000000000000000e-01
9.301466863018854564e-117 1.499999999999999944e-01
8.807260565599783151e-116 1.749999999999999889e-01
1.404406946746218799e-114 2.000000000000000111e-01
3.776829451498786599e-113 2.250000000000000056e-01
1.706865177814408647e-111 2.500000000000000000e-01
1.286814011407244273e-109 2.750000000000000222e-01
1.601502513983149884e-107 2.999999999999999889e-01
3.247155271964187625e-105 3.250000000000000111e-01
1.055936839642866706e-102 3.499999999999999778e-01
5.409133667359243852e-100 3.750000000000000000e-01
4.277758337396902737e-97 4.000000000000000222e-01
5.107754945751810517e-94 4.249999999999999889e-01
8.986754118867342662e-91 4.500000000000000111e-01
2.269309408774787619e-87 4.749999999999999778e-01
7.994672086886147225e-84 5.000000000000000000e-01
3.812161460440721296e-80 5.250000000000000222e-01
2.382380733318106868e-76 5.500000000000000444e-01
1.885778511831090637e-72 5.749999999999999556e-01
1.823689261102274508e-68 5.999999999999999778e-01
2.074475910541519937e-64 6.250000000000000000e-01
2.667230601022203973e-60 6.500000000000000222e-01
3.717830773432057720e-56 6.750000000000000444e-01
5.378579561809449624e-52 6.999999999999999556e-01
7.717230141863158055e-48 7.249999999999999778e-01
1.047463546010222263e-43 7.500000000000000000e-01
1.280488210483950104e-39 7.750000000000000222e-01
1.339873351107845899e-35 8.000000000000000444e-01
1.138476104273996249e-31 8.249999999999999556e-01
7.439097540242613855e-28 8.499999999999999778e-01
3.534125347135176065e-24 8.750000000000000000e-01
1.152215698945159825e-20 9.000000000000000222e-01
2.429635681487623701e-17 9.250000000000000444e-01
3.118737123413659011e-14 9.499999999999999556e-01
2.291076784158851071e-11 9.749999999999999778e-01
9.049315854989470172e-09 1.000000000000000000e+00
1.805564794241136200e-06 1.024999999999999911e+00
1.712122806813140335e-04 1.050000000000000044e+00
7.288495114632486532e-03 1.074999999999999956e+00
1.328624876276564282e-01 1.100000000000000089e+00
1.012031664010411003e+00 1.125000000000000000e+00
3.315181205560902455e+00 1.149999999999999911e+00
5.381706857230015295e+00 1.175000000000000044e+00
5.802153312720435885e+00 1.199999999999999956e+00
5.596862495748767152e+00 1.225000000000000089e+00
5.458361159531967211e+00 1.250000000000000000e+00
5.218429527079182506e+00 1.274999999999999911e+00
4.221457409783163861e+00 1.300000000000000044e+00
2.198639228406568336e+00 1.324999999999999956e+00
7.519633480428441485e-01 1.350000000000000089e+00
4.189199210727646561e-01 1.375000000000000000e+00
3.167124911683482091e-01 1.399999999999999911e+00
1.430109900451203009e-01 1.425000000000000044e+00
2.325023069395096981e-02 1.449999999999999956e+00
9.867900460172683141e-04 1.475000000000000089e+00
8.936259373372662526e-06 1.500000000000000000e+00
1.491054391038391802e-08 1.524999999999999911e+00
4.049920818348486654e-12 1.550000000000000044e+00
1.597284829807036942e-16 1.574999999999999956e+00
8.191495067011389005e-22 1.600000000000000089e+00
4.897892195122259387e-28 1.625000000000000000e+00
3.061473063519895093e-35 1.649999999999999911e+00
1.792342513996272776e-43 1.675000000000000044e+00
8.795992393718583372e-53 1.699999999999999956e+00
3.233930644807241608e-63 1.725000000000000089e+00
7.948884631127630457e-75 1.750000000000000000e+00
1.163737033688906928e-87 1.774999999999999911e+00
9.025832895912623369e-102 1.800000000000000044e+00
3.292769298672214281e-117 1.824999999999999956e+00
5.008041762007798934e-134 1.850000000000000089e+00
2.809450827898483169e-152 1.875000000000000000e+00
5.133952079523481561e-172 1.899999999999999911e+00
2.694010327539012370e-193 1.925000000000000044e+00
3.571985213822258073e-216 1.949999999999999956e+00
1.051068096598023005e-240 1.975000000000000089e+00
6.017408113755027513e-267 2.000000000000000000e+00
5.865269564320230850e-295 2.024999999999999911e+00
0.000000000000000000e+00 2.049999999999999822e+00
0.000000000000000000e+00 2.075000000000000178e+00
0.000000000000000000e+00 2.100000000000000089e+00
0.000000000000000000e+00 2.125000000000000000e+00
0.000000000000000000e+00 2.149999999999999911e+00
0.000000000000000000e+00 2.174999999999999822e+00
0.000000000000000000e+00 2.200000000000000178e+00
0.000000000000000000e+00 2.225000000000000089e+00
0.000000000000000000e+00 2.250000000000000000e+00
0.000000000000000000e+00 2.274999999999999911e+00
0.000000000000000000e+00 2.299999999999999822e+00
0.000000000000000000e+00 2.325000000000000178e+00
0.000000000000000000e+00 2.350000000000000089e+00
0.000000000000000000e+00 2.375000000000000000e+00
0.000000000000000000e+00 2.399999999999999911e+00
0.000000000000000000e+00 2.424999999999999822e+00
0.000000000000000000e+00 2.450000000000000178e+00
0.000000000000000000e+00 2.475000000000000089e+00
0.000000000000000000e+00 2.500000000000000000e+00
