0.000000000000000000e+00 0.000000000000000000e+00
2.500000000000000139e-02 2.470714688572640415e-141
5.000000000000000278e-02 3.579364490255121486e-129
7.499999999999999722e-02 2.851503442971442030e-118
1.000000000000000056e-01 2.211003813333137224e-108
1.250000000000000000e-01 2.276300895828547994e-99
1.499999999999999944e-01 3.909272548820545884e-91
1.749999999999999889e-01 1.348645154916667323e-83
2.000000000000000111e-01 1.094637359416572521e-76
2.250000000000000056e-01 2.397966442514359783e-70
2.500000000000000000e-01 1.599755449369047958e-64
2.750000000000000222e-01 3.617194218233105756e-59
2.999999999999999889e-01 3.049318461438315984e-54
3.250000000000000111e-01 1.043733505052746637e-49
3.499999999999999778e-01 1.565965939061459267e-45
3.750000000000000000e-01 1.103338398416826976e-41
4.000000000000000222e-01 3.884826819424552805e-38
4.249999999999999889e-01 7.230814579863916006e-35
4.500000000000000111e-01 7.486451876778050045e-32
4.749999999999999778e-01 4.515599059186696114e-29
5.000000000000000000e-01 1.654850386889610006e-26
5.250000000000000222e-01 3.828493409609020592e-24
5.500000000000000444e-01 5.790039924530924440e-22
5.749999999999999556e-01 5.909677975106632895e-20
5.999999999999999778e-01 4.191171831727814802e-18
6.250000000000000000e-01 2.121242116031632548e-16
6.500000000000000222e-01 7.851598946075062223e-15
6.750000000000000444e-01 2.173688436119746868e-13
6.999999999999999556e-01 4.594905028434561958e-12
7.249999999999999778e-01 7.558731168269080940e-11
7.500000000000000000e-01 9.847326766503109300e-10
7.750000000000000222e-01 1.032524373982238356e-08
8.000000000000000444e-01 8.844580854093399563e-08
8.249999999999999556e-01 3.145315856147739493e-07
8.499999999999999778e-01 1.513105929916230222e-06
8.750000000000000000e-01 8.249605020540052715e-06
9.000000000000000222e-01 3.867167806162016721e-05
9.250000000000000444e-01 1.574794159763909208e-04
9.499999999999999556e-01 5.624947329531346804e-04
9.749999999999999778e-01 1.778143647955953257e-03
1.000000000000000000e+00 5.016765051560526101e-03
1.024999999999999911e+00 1.273254250423772570e-02
1.050000000000000044e+00 2.928591714861856349e-02
1.074999999999999956e+00 6.147285312785882860e-02
1.100000000000000089e+00 1.185343702352014694e-01
1.125000000000000000e+00 2.112700128448883052e-01
1.149999999999999911e+00 3.501157002743250368e-01
1.175000000000000044e+00 5.424643262105742769e-01
1.199999999999999956e+00 7.899202502138394921e-01
1.225000000000000089e+00 1.086359471660141462e+00
1.250000000000000000e+00 1.417493681308210185e+00
1.274999999999999911e+00 1.762175069416475726e+00
1.300000000000000044e+00 2.095143396090971777e+00
1.324999999999999956e+00 2.390536179670894157e+00
1.350000000000000089e+00 2.625376446403014707e+00
1.375000000000000000e+00 2.782392703257695832e+00
1.399999999999999911e+00 2.851791748138234439e+00
1.425000000000000044e+00 2.831871457966204542e+00
1.449999999999999956e+00 2.728558776510806361e+00
1.475000000000000089e+00 2.554080580457157357e+00
1.500000000000000000e+00 2.325044884289514613e+00
1.524999999999999911e+00 2.060245794963555976e+00
1.550000000000000044e+00 1.778508998708196120e+00
1.574999999999999956e+00 1.496857653059156856e+00
1.600000000000000089e+00 1.229198613254145256e+00
1.625000000000000000e+00 9.856205858705251455e-01
1.649999999999999911e+00 7.722821814646343430e-01
1.675000000000000044e+00 5.917768879374096791e-01
1.699999999999999956e+00 4.438102091770760316e-01
1.725000000000000089e+00 3.260155401090320537e-01
1.750000000000000000e+00 2.347611546530533888e-01
1.774999999999999911e+00 1.658459328690309598e-01
1.800000000000000044e+00 1.150308154144081690e-01
1.824999999999999956e+00 7.839511453177291922e-02
1.850000000000000089e+00 5.253597870726434138e-02
1.875000000000000000e+00 3.464471747025053144e-02
1.899999999999999911e+00 2.249778693034836310e-02
1.925000000000000044e+00 1.439678938421673840e-02
1.949999999999999956e+00 9.084583842808640827e-03
1.975000000000000089e+00 5.656325215386267223e-03
2.000000000000000000e+00 3.477246436240360485e-03
2.024999999999999911e+00 2.111819960598663136e-03
2.049999999999999822e+00 1.267806532303202179e-03
2.075000000000000178e+00 7.527743132029840554e-04
2.100000000000000089e+00 4.423074309397555248e-04
2.125000000000000000e+00 2.573087028797999736e-04
2.149999999999999911e+00 1.482757876771343590e-04
2.174999999999999822e+00 8.467947663257495449e-05
2.200000000000000178e+00 4.794966818105668584e-05
2.225000000000000089e+00 2.693220482550200706e-05
2.250000000000000000e+00 1.501155696192223976e-05
2.274999999999999911e+00 8.306621807888083791e-06
2.299999999999999822e+00 4.564978040877868635e-06
2.325000000000000178e+00 2.492486255525733095e-06
2.350000000000000089e+00 1.352585581972416774e-06
2.375000000000000000e+00 7.400985554499684283e-07
2.399999999999999911e+00 3.976512391322502304e-07
2.424999999999999822e+00 2.125695738627570186e-07
2.450000000000000178e+00 1.479180887258556360e-07
2.475000000000000089e+00 7.896916252646715026e-08
2.500000000000000000e+00 4.197034613250036047e-08
