0.000000000000000000e+00 0.000000000000000000e+00
2.500000000000000139e-02 8.336001840864687791e-85
5.000000000000000278e-02 1.689581160953823152e-76
7.499999999999999722e-02 3.696644401871149072e-69
1.000000000000000056e-01 1.450311344269376465e-62
1.250000000000000000e-01 1.315764197339890515e-56
1.499999999999999944e-01 3.298526864613036684e-51
1.749999999999999889e-01 2.631534258829566824e-46
2.000000000000000111e-01 7.518807498382830938e-42
2.250000000000000056e-01 8.516087316377929606e-38
2.500000000000000000e-01 4.178063042931921291e-34
2.750000000000000222e-01 9.600092324121334060e-31
2.999999999999999889e-01 1.107216789519400936e-27
3.250000000000000111e-01 6.818217722801780402e-25
3.499999999999999778e-01 2.369162064488276682e-22
3.750000000000000000e-01 4.881539292780736780e-20
4.000000000000000222e-01 6.236839690699479228e-18
4.249999999999999889e-01 5.144501029281523717e-16
4.500000000000000111e-01 2.841593653925746086e-14
4.749999999999999778e-01 1.086505305058057071e-12
5.000000000000000000e-01 2.964013928048964002e-11
5.250000000000000222e-01 5.930683151087938349e-10
5.500000000000000444e-01 8.927069134345291756e-09
5.749999999999999556e-01 1.034714949123283672e-07
5.999999999999999778e-01 6.432333539742649292e-07
6.250000000000000000e-01 4.839683146503091057e-06
6.500000000000000222e-01 3.089954216679738179e-05
6.750000000000000444e-01 1.633415263922167147e-04
6.999999999999999556e-01 7.252041076510273247e-04
7.249999999999999778e-01 2.741163784704524469e-03
7.500000000000000000e-01 8.932000270801019465e-03
7.750000000000000222e-01 2.538062496560083980e-02
8.000000000000000444e-01 6.356244675356245710e-02
8.249999999999999556e-01 1.416702889926786668e-01
8.499999999999999778e-01 2.835469007729223834e-01
8.750000000000000000e-01 5.138073299651637615e-01
9.000000000000000222e-01 8.492958258567551155e-01
9.250000000000000444e-01 1.289340394020583203e+00
9.499999999999999556e-01 1.808948818592156726e+00
9.749999999999999778e-01 2.358800936903179490e+00
1.000000000000000000e+00 2.873416017436446701e+00
1.024999999999999911e+00 3.285393936898683975e+00
1.050000000000000044e+00 3.540989462605558025e+00
1.074999999999999956e+00 3.611812888751973372e+00
1.100000000000000089e+00 3.499228436784359797e+00
1.125000000000000000e+00 3.230968681594173830e+00
1.149999999999999911e+00 2.852137202071817423e+00
1.175000000000000044e+00 2.414103232421976220e+00
1.199999999999999956e+00 1.964597609269083778e+00
1.225000000000000089e+00 1.541088903865394322e+00
1.250000000000000000e+00 1.168006909209393651e+00
1.274999999999999911e+00 8.571972295667261710e-01
1.300000000000000044e+00 6.104041911071059756e-01
1.324999999999999956e+00 4.225445685431606924e-01
1.350000000000000089e+00 2.848390370818753570e-01
1.375000000000000000e+00 1.872807889537667358e-01
1.399999999999999911e+00 1.202802167850665904e-01
1.425000000000000044e+00 7.556029993163966563e-02
1.449999999999999956e+00 4.648777181250745433e-02
1.475000000000000089e+00 2.804383016635562942e-02
1.500000000000000000e+00 1.660592440623642752e-02
1.524999999999999911e+00 9.661831176706109012e-03
1.550000000000000044e+00 5.528968575347381273e-03
1.574999999999999956e+00 3.114668235862985083e-03
1.600000000000000089e+00 1.728770294035523059e-03
1.625000000000000000e+00 9.461888545608732786e-04
1.649999999999999911e+00 5.110634909375881855e-04
1.675000000000000044e+00 2.726186300221567567e-04
1.699999999999999956e+00 1.437255014672431748e-04
1.725000000000000089e+00 7.493961247062052070e-05
1.750000000000000000e+00 3.867037673740712696e-05
1.774999999999999911e+00 1.976121404440893598e-05
1.800000000000000044e+00 1.000657083849033163e-05
1.824999999999999956e+00 5.028330935428300389e-06
1.850000000000000089e+00 2.504882484214368294e-06
1.875000000000000000e+00 1.238607171487275138e-06
1.899999999999999911e+00 6.082615296231910008e-07
1.925000000000000044e+00 3.176103439867940420e-07
1.949999999999999956e+00 1.546423357333306195e-07
1.975000000000000089e+00 7.488214949286707744e-08
2.000000000000000000e+00 3.607716779070382989e-08
2.024999999999999911e+00 1.730098199235122442e-08
2.049999999999999822e+00 8.261621447968982808e-09
2.075000000000000178e+00 3.929890033427090643e-09
2.100000000000000089e+00 1.862828918557089316e-09
2.125000000000000000e+00 8.802229611799107318e-10
2.149999999999999911e+00 4.147460603695132792e-10
2.174999999999999822e+00 1.949295448224645595e-10
2.200000000000000178e+00 9.141308440475766601e-11
2.225000000000000089e+00 4.278559395557943613e-11
2.250000000000000000e+00 1.999228650333371420e-11
2.274999999999999911e+00 9.328557002128657896e-12
2.299999999999999822e+00 4.347698463566325943e-12
2.325000000000000178e+00 2.024406918731188803e-12
2.350000000000000089e+00 9.419439339909410840e-13
2.375000000000000000e+00 4.380580142328938223e-13
2.399999999999999911e+00 2.036588758661359216e-13
2.424999999999999822e+00 9.467198873302773862e-14
2.450000000000000178e+00 4.401119090228805338e-14
2.475000000000000089e+00 2.046449887641229821e-14
2.500000000000000000e+00 9.519288136298384244e-15
