0.000000000000000000e+00 0.000000000000000000e+00
2.500000000000000139e-02 1.080088833527339164e-26
5.000000000000000278e-02 6.173164900002617833e-23
7.499999999999999722e-02 8.632901986359838443e-20
1.000000000000000056e-01 4.539809866824493850e-17
1.250000000000000000e-01 1.080601448694338312e-14
1.499999999999999944e-01 1.308750371106710734e-12
1.749999999999999889e-01 8.797645146623291025e-11
2.000000000000000111e-01 3.520352418847493155e-09
2.250000000000000056e-01 8.894043325334053678e-08
2.500000000000000000e-01 8.886337044943926171e-07
2.750000000000000222e-01 1.143764324640613953e-05
2.999999999999999889e-01 1.062377200260910837e-04
3.250000000000000111e-01 7.354199649595542787e-04
3.499999999999999778e-01 3.910290652063498976e-03
3.750000000000000000e-01 1.640732755887096619e-02
4.000000000000000222e-01 5.566325766587702784e-02
4.249999999999999889e-01 1.560577019368967755e-01
4.500000000000000111e-01 3.687232365953520552e-01
4.749999999999999778e-01 7.471734223344005388e-01
5.000000000000000000e-01 1.318862549229409487e+00
5.250000000000000222e-01 2.055806255481934741e+00
5.500000000000000444e-01 2.864021575871603442e+00
5.749999999999999556e-01 3.603557740194373249e+00
5.999999999999999778e-01 4.132756536145760329e+00
6.250000000000000000e-01 4.355536631694690186e+00
6.500000000000000222e-01 4.249365073477139099e+00
6.750000000000000444e-01 3.863658953362567150e+00
6.999999999999999556e-01 3.294225281117665549e+00
7.249999999999999778e-01 2.648945050358219699e+00
7.500000000000000000e-01 2.019483419129620927e+00
7.750000000000000222e-01 1.466629644927214260e+00
8.000000000000000444e-01 1.018929127096333209e+00
8.249999999999999556e-01 6.796684891902246006e-01
8.499999999999999778e-01 4.366431250730477553e-01
8.750000000000000000e-01 2.708695691721631493e-01
9.000000000000000222e-01 1.626074827904205600e-01
9.250000000000000444e-01 9.463809187367855369e-02
9.499999999999999556e-01 5.348503272241954265e-02
9.749999999999999778e-01 2.939469075259032102e-02
1.000000000000000000e+00 1.573144618208817402e-02
1.024999999999999911e+00 8.209297384607986900e-03
1.050000000000000044e+00 4.182640103502130967e-03
1.074999999999999956e+00 2.083395151076240966e-03
1.100000000000000089e+00 1.015874379059777651e-03
1.125000000000000000e+00 4.855407834276643923e-04
1.149999999999999911e+00 2.277690154918230012e-04
1.175000000000000044e+00 1.050038588377421456e-04
1.199999999999999956e+00 4.763264899156550612e-05
1.225000000000000089e+00 2.128755324106646182e-05
1.250000000000000000e+00 9.383909698680489628e-06
1.274999999999999911e+00 4.084842174820742037e-06
1.300000000000000044e+00 1.762626315778206995e-06
1.324999999999999956e+00 7.509241344063592565e-07
1.350000000000000089e+00 3.169089555142391199e-07
1.375000000000000000e+00 1.496185190612099228e-07
1.399999999999999911e+00 6.253256789597304101e-08
1.425000000000000044e+00 2.595377876034149816e-08
1.449999999999999956e+00 1.070553909905018361e-08
1.475000000000000089e+00 4.391888235389070103e-09
1.500000000000000000e+00 1.793211732362658310e-09
1.524999999999999911e+00 7.291794186387217492e-10
1.550000000000000044e+00 2.954797192159756136e-10
1.574999999999999956e+00 1.193886269724578614e-10
1.600000000000000089e+00 4.812560461744631375e-11
1.625000000000000000e+00 1.936370708223836029e-11
1.649999999999999911e+00 7.780488548285250219e-12
1.675000000000000044e+00 3.123380556991495610e-12
1.699999999999999956e+00 1.253209140635348116e-12
1.725000000000000089e+00 5.027728174098992489e-13
1.750000000000000000e+00 2.017563735239885057e-13
1.774999999999999911e+00 8.100968693005623445e-14
1.800000000000000044e+00 3.255650492610658518e-14
1.824999999999999956e+00 1.309957358315979037e-14
1.850000000000000089e+00 5.278537425723807146e-15
1.875000000000000000e+00 2.130675009533997631e-15
1.899999999999999911e+00 8.617279344478416208e-16
1.925000000000000044e+00 3.492747908633201341e-16
1.949999999999999956e+00 1.419045073463949277e-16
1.975000000000000089e+00 5.780138169681925534e-17
2.000000000000000000e+00 2.360849819842284890e-17
2.024999999999999911e+00 9.670654075649571232e-18
2.049999999999999822e+00 3.973419996402127362e-18
2.075000000000000178e+00 1.637770010242938492e-18
2.100000000000000089e+00 6.772906087510117801e-19
2.125000000000000000e+00 2.810478507539604151e-19
2.149999999999999911e+00 1.170344472910788827e-19
2.174999999999999822e+00 4.891212790251160369e-20
2.200000000000000178e+00 2.051758663212392888e-20
2.225000000000000089e+00 8.639265786078659255e-21
2.250000000000000000e+00 3.651732283661425117e-21
2.274999999999999911e+00 1.549602069866853608e-21
2.299999999999999822e+00 6.601845417420557330e-22
2.325000000000000178e+00 2.823946512576898204e-22
2.350000000000000089e+00 1.212866637812299631e-22
2.375000000000000000e+00 5.230608872708405647e-23
2.399999999999999911e+00 2.265108333402728286e-23
2.424999999999999822e+00 9.849996756931217592e-24
2.450000000000000178e+00 4.301346893789269852e-24
2.475000000000000089e+00 1.886267106009890018e-24
2.500000000000000000e+00 8.306912140551213127e-25
